image_width: 1920
image_height: 1080
camera_name: left_cam
camera_matrix:
  rows: 3
  cols: 3
  data: [11452.283645, 0.000000, 930.257694, 0.000000, 54964.934452, 511.013734, 0.000000, 0.000000, 1.000000]
distortion_model: plumb_bob
distortion_coefficients:
  rows: 1
  cols: 5
  data: [-11.184152, 692.155049, -0.004386, -0.526845, 0.000000]
rectification_matrix:
  rows: 3
  cols: 3
  data: [1.000000, 0.000000, 0.000000, 0.000000, 1.000000, 0.000000, 0.000000, 0.000000, 1.000000]
projection_matrix:
  rows: 3
  cols: 4
  data: [10410.181587, 0.000000, 784.205304, 0.000000, 0.000000, 56995.480775, 509.092447, 0.000000, 0.000000, 0.000000, 1.000000, 0.000000]
