image_width: 1920
image_height: 1080
camera_name: right_cam
camera_matrix:
  rows: 3
  cols: 3
  data: [1047.156598, 0.000000, 1034.663485, 0.000000, 1092.554544, 795.426291, 0.000000, 0.000000, 1.000000]
distortion_model: plumb_bob
distortion_coefficients:
  rows: 1
  cols: 5
  data: [-0.194030, 0.022376, -0.023655, -0.010861, 0.000000]
rectification_matrix:
  rows: 3
  cols: 3
  data: [1.000000, 0.000000, 0.000000, 0.000000, 1.000000, 0.000000, 0.000000, 0.000000, 1.000000]
projection_matrix:
  rows: 3
  cols: 4
  data: [822.690621, 0.000000, 1012.655123, 0.000000, 0.000000, 1040.844666, 798.655322, 0.000000, 0.000000, 0.000000, 1.000000, 0.000000]
