image_width: 800
image_height: 600
camera_name: right_cam
camera_matrix:
  rows: 3
  cols: 3
  data: [1119.079411, 0.000000, 396.029506, 0.000000, 1155.535203, 381.295670, 0.000000, 0.000000, 1.000000]
distortion_model: plumb_bob
distortion_coefficients:
  rows: 1
  cols: 5
  data: [-0.372764, -0.051248, -0.009347, -0.006356, 0.000000]
rectification_matrix:
  rows: 3
  cols: 3
  data: [1.000000, 0.000000, 0.000000, 0.000000, 1.000000, 0.000000, 0.000000, 0.000000, 1.000000]
projection_matrix:
  rows: 3
  cols: 4
  data: [1056.642320, 0.000000, 391.559193, 0.000000, 0.000000, 1119.908592, 382.839464, 0.000000, 0.000000, 0.000000, 1.000000, 0.000000]
